 lr = 0.01 
 beta = 0.99 
 batch_size = 64 
 acc = 0.7700000095367432 
 val_acc = 0.19600000023841857 
 loss = 0.7749794769287109 
 val_loss = 4.495672176361084