 lr = 0.01 
 beta = 0.9 
 batch_size = 64 
 acc = 0.8599999976158142 
 val_acc = 0.227 
 loss = 0.41328032851219176 
 val_loss = 4.980291763305664